Car 0.88 3 -0.69 0.00 192.37 402.31 374.00 1.60 1.57 3.23 -2.70 1.74 3.68 -1.29
Car 0.00 1 2.04 334.85 178.94 624.50 372.04 1.57 1.50 3.68 -1.17 1.65 7.86 1.90
Car 0.34 3 -1.84 937.29 197.39 1241.00 374.00 1.39 1.44 3.08 3.81 1.64 6.15 -1.31
Car 0.00 1 -1.33 597.59 176.18 720.90 261.14 1.47 1.60 3.66 1.07 1.55 14.44 -1.25
Car 0.00 0 1.74 741.18 168.83 792.25 208.43 1.70 1.63 4.08 7.24 1.55 33.20 1.95
Car 0.00 0 -1.65 884.52 178.31 956.41 240.18 1.59 1.59 2.47 8.48 1.75 19.96 -1.25
DontCare -1 -1 -10 800.38 163.67 825.45 184.07 -1 -1 -1 -1000 -1000 -1000 -10
DontCare -1 -1 -10 859.58 172.34 886.26 194.51 -1 -1 -1 -1000 -1000 -1000 -10
DontCare -1 -1 -10 801.81 163.96 825.20 183.59 -1 -1 -1 -1000 -1000 -1000 -10
DontCare -1 -1 -10 826.87 162.28 845.84 178.86 -1 -1 -1 -1000 -1000 -1000 -10
